228     第一店       
207    宏盛         
273    宏         
242    豐泰         
187    錸德         
228     10.5944
207    -24.7914
273    270.2235
242     -3.5745
187    156.4490545    長興         
533     光寶科       
569    豐泰         
506     英業達       
572     大台北       
545     -9.3278
533    147.9908
569     44.3357
506     13.5381
572     -9.3333727    陽明         
699    華航         
700    中華         
716    正新         
718    神達         
727     65.2778
699     22.7496
700    191.9494
716     94.4010
718    -28.27081252    技嘉         
1198    遠傳         
1267    遠百         
1237     英業達       
1210    寶成         
1252    -7.9775
1198     3.9150
1267    15.8106
1237    47.8824
1210   -12.40211429    裕民         
1462    燁輝         
1403     英業達       
1405    亞泥         
1390    台泥         
1429    46.8331
1462    42.1488
1403    40.0955
1405    81.3301
1390    35.88571612    福懋         
1647    中鴻         
1615    旺宏         
1652    遠百         
1589    台肥         
1612    37.2694
1647   -10.0237
1615     8.9888
1652    99.3939
1589    32.87091996    東鋼         
1942    廣達         
2046     建興電       
1984     英業達       
1987    遠百         
1996     77.5412
1942    114.1784
2046    153.7697
1984    140.0832
1987    105.2724156     台積電       
158    南亞         
228     第一店       
273    宏         
187    錸德         
156    193.2025
158     86.7127
228     10.5944
273    270.2235
187    156.4490545    長興         
531    精碟         
533     光寶科       
506     英業達       
539    微星         
545     -9.3278
531      3.9474
533    147.9908
506     13.5381
539    401.5549699    華航         
700    中華         
703    台玻         
771    藍天         
718    神達         
699     22.7496
700    191.9494
703     12.6240
771    -43.5801
718    -28.27081252    技嘉         
1225     統一超       
1198    遠傳         
1237     英業達       
1240     裕日車       
1252    -7.9775
1225    41.6292
1198     3.9150
1237    47.8824
1240    27.38671462    燁輝         
1405    亞泥         
1375    廣達         
1450     永豐餘       
1420     裕日車       
1462    42.1488
1405    81.3301
1375    39.1516
1450    31.1404
1420   -19.24681547     台積電       
1647    中鴻         
1615    旺宏         
1652    遠百         
1589    台肥         
1547    -2.0470
1647   -10.0237
1615     8.9888
1652    99.3939
1589    32.87091996    東鋼         
2011    億光         
2046     建興電       
1984     英業達       
1987    遠百         
1996     77.5412
2011    188.5513
2046    153.7697
1984    140.0832
1987    105.2724